6.392951
1.291367
4.628197
4.743522
0.007712
6.557025
-3.516308
3.961129
1.099813
10.483182
-5.451021
3.288008
5.532158
7.354987
-1.114018
3.578656
1.246288
3.551221
-1.398340
1.375243
2.666066
6.854582
5.456966
-2.854478
10.284488
3.874484
2.477539
4.154816
-0.124425
5.932364
3.039802
7.947752
1.702080
5.631252
-2.149421
-0.665805
2.689676
-0.520359
-1.217130
4.471290
5.254113
1.433544
2.256576
-0.014358
-3.467364
3.516844
0.256435
7.178827
3.044560
9.786232
2.635058
0.531288
2.130700
5.057260
3.617325
3.073050
-0.618932
5.949001
7.109957
-2.306650
4.269681
-0.646571
1.942270
6.039158
5.908978
0.743089
1.651732
3.731167
-1.259017
7.189228
4.351285
2.859495
3.889417
5.668074
2.111200
5.227319
1.118188
6.782537
3.425746
4.565242
2.176957
-2.742964
9.292667
-0.776267
5.298057
-2.622293
6.040281
0.116615
1.484758
-2.749892
-0.419286
0.409426
7.461222
-4.839265
2.401156
8.151164
7.883274
-0.909304
7.185851
0.036050
-0.172600
-0.976287
4.228819
-2.729872
0.036311
4.145354
1.272975
3.461472
0.071624
4.271744
0.182770
2.611666
0.147080
0.611079
5.418711
4.780240
2.765327
3.292106
4.906808
6.982571
2.637735
-0.374428
1.943632
7.110175
4.033937
7.847138
3.757211
-1.779797
-1.418359
1.240171
-4.690474
5.178352
10.307041
-2.161241
3.541551
0.274690
3.174704
8.134810
3.213417
5.999963
7.238373
4.964893
2.743964
2.716361
9.831310
2.379563
1.278846
3.699277
5.113365
-1.898277
4.656185
-2.010596
6.538332
-1.186329
-0.026998
-1.463727
0.244508
3.204828
-1.675015
4.783312
2.538366
4.192711
-3.626552
3.784228
3.683648
0.412424
-0.141206
11.071050
4.828513
2.242776
0.970460
5.749623
-3.412977
6.255506
4.681820
0.757729
9.613388
1.808844
1.875081
-4.247437
4.519801
-0.523163
2.906389
0.968368
-0.091378
8.404327
7.448833
6.416131
0.679896
-1.254607
7.266221
8.054812
6.677354
-0.607280
4.773356
-0.315591
4.358614
3.315822
5.282745
-1.911067
2.739077
-0.538907
1.244038
4.479014
3.477257
0.366915
-0.390052
1.471043
7.802110
8.944309
5.912674
-1.827853
5.848303
-0.069449
0.519700
-1.106443
5.942501
0.728011
-2.111128
1.560868
6.089362
5.197738
-0.089085
3.769649
0.535151
7.139020
3.896422
1.356169
7.476706
3.314186
1.513692
4.470229
2.266223
12.097510
-0.153102
0.721353
6.431922
2.418023
2.068429
6.644259
2.374156
-4.036742
-0.845110
4.427841
3.986543
0.142035
11.264439
1.855832
5.166309
4.268311
